objectId,event,unixtime,m_PM1_CF1,m_PM1_ATM,m_PM1_b,m_PM25_CF1,m_PM25_ATM,m_PM25_b,m_PM4_b,m_PM10_CF1,m_PM10_ATM,m_PM10_b,n_PM03_P,n_PM05_P,n_PM05_b,n_PM1_P,n_PM1_b,n_PM25_P,n_PM25_b,n_PM4_b,tempC_pms,rh_pms,n_PM10_b,typ_size_b,temp_C,tempC_sen5x,rh,rh_sen5x,o3,vocIdx,noxIdx,lat,lon,alt,sats,counter,moos,ver,coreid,published_at,createdAt,updatedAt
CBo1kMnL3H,MOOSPMv3Parser,1717120801,6,6,5,9,9,5,5,9,9,5,1093,335,328434,58,38,4,38,38,0,0,38,0,31,32,32,31,0.001,62,1,36.433895,-119.922798,6.881,6,600,58,3,e00fce6876826e255108c6bd,2024-05-31 02:00:03.371000+00:00,2024-05-31T02:00:03.596Z,2024-05-31T02:00:03.596Z
JVPCMG1cFq,MOOSPMv3Parser,1717121400,2,2,2,3,3,2,2,3,3,2,526,154,565088,19,15,1,15,15,30,17,15,0,32,34,24,24,510.633,29,1,36.785351,-119.773125,82.094002,7,600,58,3,e00fce6856818e5885f65487,2024-05-31 02:09:57.783000+00:00,2024-05-31T02:09:57.987Z,2024-05-31T02:09:57.987Z
9StM6zEnbv,MOOSPMv3Parser,1717121400,1,1,1,2,2,1,1,2,2,1,560,142,6332,15,9,1,9,9,29,17,9,0,32,33,21,22,511.703,45,1,36.634171,-120.38237,40.499001,6,600,58,3,e00fce6835b6173deb1a1f49,2024-05-31 02:09:59.824000+00:00,2024-05-31T02:10:00.023Z,2024-05-31T02:10:00.023Z
JKYJMwJDE3,MOOSPMv3Parser,1717121401,5,5,4,7,7,5,5,9,9,5,992,306,328466,50,34,5,34,34,0,0,34,0,30,32,34,33,0.0,86,1,36.433861,-119.922813,31.834999,7,600,58,3,e00fce6876826e255108c6bd,2024-05-31 02:10:03.363000+00:00,2024-05-31T02:10:03.552Z,2024-05-31T02:10:03.552Z
GAoDnA3t2a,MOOSPMv3Parser,1717122000,2,2,2,3,3,2,2,3,3,2,513,150,565091,22,16,1,16,16,30,17,16,0,32,34,24,23,510.637,32,1,36.785404,-119.773132,69.163002,7,600,58,3,e00fce6856818e5885f65487,2024-05-31 02:19:57.541000+00:00,2024-05-31T02:19:57.741Z,2024-05-31T02:19:57.741Z
GFXvmKOnEc,MOOSPMv3Parser,1717122000,1,1,1,2,2,1,1,2,2,1,545,143,6340,16,9,1,10,10,28,18,10,0,32,32,22,23,511.669,42,1,36.634239,-120.382355,26.261999,6,600,58,3,e00fce6835b6173deb1a1f49,2024-05-31 02:19:59.351000+00:00,2024-05-31T02:19:59.614Z,2024-05-31T02:19:59.614Z
fJ0UoyJ2mO,MOOSPMv3Parser,1717122001,4,4,4,7,7,4,4,8,8,4,873,270,328497,47,31,4,31,31,0,0,31,0,30,31,35,34,0.0,107,1,36.433857,-119.922775,43.875,8,600,58,3,e00fce6876826e255108c6bd,2024-05-31 02:20:03.295000+00:00,2024-05-31T02:20:03.519Z,2024-05-31T02:20:03.519Z
Y0z2H9biZs,MOOSPMv3Parser,1717122600,2,2,2,3,3,2,2,3,3,2,500,144,565093,21,15,1,15,15,29,17,15,0,31,34,24,23,510.65,25,1,36.785339,-119.773163,73.839996,9,600,58,3,e00fce6856818e5885f65487,2024-05-31 02:29:57.707000+00:00,2024-05-31T02:29:57.921Z,2024-05-31T02:29:57.921Z
9uf4ZTkl4x,MOOSPMv3Parser,1717122601,1,1,1,2,2,1,1,2,2,1,536,140,6348,15,10,1,10,10,28,17,10,0,31,32,21,22,511.686,43,1,36.634285,-120.38237,21.742001,7,600,58,3,e00fce6835b6173deb1a1f49,2024-05-31 02:29:59.360000+00:00,2024-05-31T02:29:59.578Z,2024-05-31T02:29:59.578Z
a8ZdZNG3KX,MOOSPMv3Parser,1717122601,4,4,4,6,6,4,4,7,7,4,814,249,328521,41,28,3,28,28,0,0,28,0,29,31,36,35,0.002,174,1,36.433895,-119.922783,27.15,9,600,58,3,e00fce6876826e255108c6bd,2024-05-31 02:30:03.449000+00:00,2024-05-31T02:30:03.676Z,2024-05-31T02:30:03.676Z
nUC5F2MI9u,MOOSPMv3Parser,1717123200,2,2,2,3,3,2,2,3,3,2,462,134,565094,18,15,1,15,15,29,18,15,0,31,33,25,24,510.561,14,1,36.785484,-119.773117,59.806999,7,600,58,3,e00fce6856818e5885f65487,2024-05-31 02:39:57.544000+00:00,2024-05-31T02:39:57.776Z,2024-05-31T02:39:57.776Z
dxtd0zdP5j,MOOSPMv3Parser,1717123200,1,1,1,2,2,2,2,2,2,2,536,138,6357,17,11,1,11,11,28,18,11,0,31,32,23,23,511.693,49,1,36.634323,-120.382324,23.806999,7,600,58,3,e00fce6835b6173deb1a1f49,2024-05-31 02:39:59.432000+00:00,2024-05-31T02:39:59.631Z,2024-05-31T02:39:59.631Z
ivjCXpXkTA,MOOSPMv3Parser,1717123201,3,3,3,5,5,4,4,6,6,4,739,226,328543,36,27,4,27,27,0,0,27,0,29,30,37,36,0.005,199,1,36.433876,-119.922813,26.742001,12,600,58,3,e00fce6876826e255108c6bd,2024-05-31 02:40:03.343000+00:00,2024-05-31T02:40:03.559Z,2024-05-31T02:40:03.559Z
uuni20VcrR,MOOSPMv3Parser,1717123800,2,2,2,3,3,2,2,3,3,2,490,142,565098,19,16,1,16,16,29,18,16,0,31,33,25,25,510.466,16,1,36.785358,-119.773117,70.773003,8,600,58,3,e00fce6856818e5885f65487,2024-05-31 02:49:57.633000+00:00,2024-05-31T02:49:57.869Z,2024-05-31T02:49:57.869Z
qfksgzHUlq,MOOSPMv3Parser,1717123801,1,1,1,2,2,2,2,2,2,2,562,145,6367,19,11,2,12,12,28,18,12,0,31,32,23,23,511.669,65,1,36.634228,-120.382355,32.776001,9,600,58,3,e00fce6835b6173deb1a1f49,2024-05-31 02:49:59.520000+00:00,2024-05-31T02:49:59.786Z,2024-05-31T02:49:59.786Z
gONAMtxC9R,MOOSPMv3Parser,1717123801,3,3,3,5,5,4,4,6,6,4,728,224,328561,38,26,3,26,26,0,0,26,0,28,30,40,38,0.002,246,1,36.433899,-119.922806,37.005001,12,600,58,3,e00fce6876826e255108c6bd,2024-05-31 02:50:03.445000+00:00,2024-05-31T02:50:03.691Z,2024-05-31T02:50:03.691Z
ZSESfFz1KE,MOOSPMv3Parser,1717124400,2,2,2,3,3,2,2,3,3,2,488,143,565098,22,15,1,15,15,28,18,15,0,30,32,25,25,510.402,19,1,36.785427,-119.773117,96.532997,10,600,58,3,e00fce6856818e5885f65487,2024-05-31 02:59:57.781000+00:00,2024-05-31T02:59:58.007Z,2024-05-31T02:59:58.007Z
9mbDiJDPum,MOOSPMv3Parser,1717124401,1,1,2,2,2,2,2,2,2,2,563,147,6377,18,12,2,12,12,28,20,12,0,30,31,25,25,511.663,136,1,36.634285,-120.382393,25.153,7,600,58,3,e00fce6835b6173deb1a1f49,2024-05-31 02:59:59.547000+00:00,2024-05-31T02:59:59.748Z,2024-05-31T02:59:59.748Z
